2 0.61640625 0.3796875 0.059375 0.071875
1 0.5765625 0.6359375 0.021875 0.03125
1 0.4859375 0.61015625 0.0203125 0.03203125
1 0.53828125 0.59140625 0.01953125 0.03125
1 0.57109375 0.571875 0.01484375 0.0203125
1 0.55390625 0.55078125 0.01328125 0.015625
1 0.6109375 0.54609375 0.01640625 0.021875
1 0.57734375 0.4953125 0.01484375 0.028125
1 0.5984375 0.47890625 0.01796875 0.01875
1 0.5765625 0.45625 0.0125 0.02109375
1 0.5078125 0.434375 0.0171875 0.01640625
1 0.65625 0.38671875 0.01015625 0.01875
1 0.6734375 0.3671875 0.0125 0.01875
1 0.66328125 0.3578125 0.0125 0.02109375
1 0.64375 0.5078125 0.01640625 0.0203125
0 0.78828125 0.759375 0.28671875 0.18359375
0 0.74375 0.54609375 0.06640625 0.1296875
0 0.88984375 0.43125 0.0640625 0.48828125
0 0.88828125 0.35703125 0.15 0.1765625