0 0.26796875 0.49765625 0.14296875 0.14921875
0 0.11875 0.49140625 0.13203125 0.1265625
0 0.1296875 0.31796875 0.11640625 0.12109375
0 0.2203125 0.24453125 0.10078125 0.09453125
0 0.32578125 0.13515625 0.2578125 0.2703125
0 0.30625 0.315625 0.10390625 0.10390625
0 0.49140625 0.28125 0.10390625 0.1171875
0 0.5015625 0.2140625 0.0875 0.1140625
0 0.5609375 0.15234375 0.06484375 0.05859375
0 0.4875 0.078125 0.0875 0.0828125
0 0.60078125 0.06875 0.075 0.071875
0 0.146875 0.6765625 0.11953125 0.16796875
0 0.02578125 0.653125 0.0515625 0.17421875
0 0.409375 0.41171875 0.103125 0.10703125
0 0.88828125 0.1875 0.2234375 0.14375
0 0.88984375 0.68984375 0.2203125 0.6203125
2 0.675 0.165625 0.0359375 0.04609375
2 0.61171875 0.315625 0.03984375 0.06328125
2 0.40390625 0.49609375 0.04609375 0.0640625
2 0.29453125 0.65390625 0.04453125 0.07265625
2 0.22421875 0.7640625 0.090625 0.084375
2 0.19375 0.921875 0.05703125 0.08359375
2 0.60546875 0.2046875 0.040625 0.0390625
1 0.55390625 0.26796875 0.01171875 0.03203125