0 0.4015625 0.25859375 0.065625 0.1078125
0 0.35234375 0.109375 0.1359375 0.21875
0 0.46171875 0.34765625 0.1 0.1765625
0 0.540625 0.56015625 0.1890625 0.27578125
0 0.534375 0.86171875 0.19140625 0.2765625
0 0.2546875 0.8875 0.24453125 0.22421875
0 0.6078125 0.1984375 0.1 0.15234375
0 0.58125 0.06953125 0.08046875 0.12109375
0 0.665625 0.08359375 0.08359375 0.09296875
0 0.13046875 0.10859375 0.1546875 0.2046875
2 0.28046875 0.54609375 0.0546875 0.10625
2 0.27890625 0.32109375 0.05546875 0.065625
2 0.2984375 0.415625 0.04921875 0.0640625
2 0.7015625 0.30546875 0.0359375 0.0578125