0 0.25078125 0.8375 0.190625 0.1875
0 0.2671875 0.615625 0.109375 0.146875
0 0.53828125 0.7125 0.09609375 0.15234375
0 0.53984375 0.5625 0.06640625 0.10625
0 0.57890625 0.5296875 0.08125 0.08359375
0 0.67578125 0.47265625 0.04609375 0.07109375
0 0.70625 0.50546875 0.07265625 0.05625
0 0.7421875 0.540625 0.06953125 0.06171875
0 0.84765625 0.66640625 0.06171875 0.0921875
0 0.95625 0.76484375 0.0875 0.0640625
0 0.96328125 0.91796875 0.0734375 0.1140625
0 0.06953125 0.62890625 0.1390625 0.24453125
0 0.2375 0.29140625 0.0703125 0.0984375
0 0.309375 0.409375 0.13984375 0.0625
0 0.6203125 0.46328125 0.05390625 0.08359375
0 0.09296875 0.36796875 0.1859375 0.1546875
2 0.47578125 0.6375 0.0328125 0.03984375
2 0.95703125 0.834375 0.03828125 0.04765625