0 0.43515625 0.79375 0.1375 0.18125
0 0.68203125 0.7484375 0.11640625 0.15
0 0.86953125 0.60625 0.15 0.17421875
0 0.47109375 0.503125 0.07734375 0.10703125
0 0.46875 0.41875 0.0859375 0.09921875
0 0.575 0.46875 0.09296875 0.0875
0 0.0734375 0.5 0.1265625 0.1125
0 0.1859375 0.3109375 0.05390625 0.075
0 0.2484375 0.31328125 0.07578125 0.0828125
0 0.36015625 0.36328125 0.065625 0.08984375
0 0.11640625 0.3703125 0.0640625 0.07890625
0 0.05390625 0.4203125 0.09296875 0.08671875
0 0.76484375 0.94296875 0.2921875 0.1140625
1 0.61171875 0.6328125 0.01015625 0.0203125
1 0.63828125 0.646875 0.01015625 0.01484375
1 0.634375 0.47578125 0.00625 0.01875
2 0.4421875 0.5765625 0.04296875 0.03828125