2 0.6765625 0.59765625 0.0234375 0.0328125
0 0.59921875 0.92109375 0.10703125 0.1359375
0 0.35078125 0.85234375 0.2640625 0.2953125
0 0.403125 0.57109375 0.1296875 0.11640625
0 0.546875 0.51328125 0.11953125 0.09453125
0 0.4734375 0.45390625 0.046875 0.06171875
0 0.51953125 0.43515625 0.03671875 0.04140625
0 0.57578125 0.4234375 0.03671875 0.04296875
0 0.69453125 0.51328125 0.04375 0.0609375
0 0.740625 0.6328125 0.06328125 0.10390625
0 0.56328125 0.68671875 0.09296875 0.11875
0 0.703125 0.48515625 0.04375 0.0640625
0 0.70234375 0.4078125 0.04140625 0.0546875
0 0.7390625 0.38515625 0.0375 0.0453125
0 0.7703125 0.38828125 0.0390625 0.0421875
0 0.8 0.396875 0.04765625 0.05625
0 0.9015625 0.4265625 0.07421875 0.07890625
0 0.8 0.50859375 0.05625 0.075
0 0.30390625 0.62890625 0.053125 0.06640625