0 0.61484375 0.87734375 0.1578125 0.10390625
2 0.6203125 0.8234375 0.06328125 0.06171875
0 0.83359375 0.9140625 0.23515625 0.11953125
2 0.89765625 0.846875 0.0359375 0.0375
0 0.2265625 0.92109375 0.11015625 0.11171875
0 0.35 0.809375 0.1421875 0.14375
0 0.33203125 0.93203125 0.1140625 0.096875
0 0.43125 0.7953125 0.1125 0.1515625
0 0.5015625 0.79296875 0.07265625 0.1796875
0 0.40390625 0.9265625 0.10234375 0.146875
0 0.62578125 0.77421875 0.14609375 0.07734375
0 0.80234375 0.784375 0.184375 0.0890625
0 0.55625 0.94609375 0.175 0.1078125
0 0.765625 0.96796875 0.2171875 0.0640625
0 0.6234375 0.6359375 0.33125 0.0859375