2 0.5296875 0.6921875 0.0484375 0.0453125
2 0.81640625 0.7453125 0.04453125 0.06796875
2 0.88125 0.790625 0.06953125 0.05
2 0.8484375 0.7015625 0.03125 0.046875
2 0.87421875 0.6890625 0.03515625 0.04609375
2 0.88515625 0.75859375 0.04453125 0.0359375
2 0.89765625 0.865625 0.0421875 0.0609375
0 0.76015625 0.871875 0.11953125 0.1765625
0 0.6765625 0.7875 0.11640625 0.1359375
0 0.76875 0.6109375 0.10078125 0.1203125
0 0.68046875 0.70078125 0.1296875 0.1296875
0 0.8265625 0.584375 0.0875 0.10078125
0 0.57421875 0.56875 0.1234375 0.115625
0 0.634375 0.53828125 0.09921875 0.0890625
0 0.70703125 0.49453125 0.09765625 0.07578125
0 0.7328125 0.45703125 0.0765625 0.1015625
0 0.3828125 0.7078125 0.08046875 0.09453125
0 0.4 0.92109375 0.25625 0.1578125
0 0.26875 0.76328125 0.103125 0.11328125
0 0.1828125 0.81796875 0.11875 0.11640625
0 0.1125 0.89375 0.14609375 0.11640625
0 0.28203125 0.4515625 0.0734375 0.115625