1 0.13984375 0.32890625 0.07109375 0.07578125
1 0.1671875 0.23125 0.0515625 0.09765625
1 0.2875 0.36328125 0.040625 0.04921875
1 0.3875 0.46796875 0.0625 0.09453125
1 0.44140625 0.60703125 0.065625 0.0734375
1 0.5703125 0.69296875 0.05546875 0.078125
1 0.05078125 0.3984375 0.046875 0.10859375
0 0.19765625 0.4703125 0.1125 0.18125
0 0.35 0.7109375 0.146875 0.24296875
0 0.53515625 0.8859375 0.1453125 0.228125
0 0.21171875 0.85859375 0.1734375 0.24765625
0 0.0609375 0.6453125 0.121875 0.259375
0 0.3140625 0.115625 0.06171875 0.08828125
0 0.4140625 0.19453125 0.225 0.3890625
0 0.665625 0.41640625 0.21171875 0.4375
0 0.89140625 0.5984375 0.2046875 0.35234375
0 0.83671875 0.85078125 0.3265625 0.2953125
0 0.65625 0.0953125 0.17109375 0.190625