2 0.53046875 0.625 0.11328125 0.11953125
1 0.2703125 0.878125 0.034375 0.034375
1 0.46328125 0.7234375 0.03359375 0.04921875
1 0.54453125 0.23046875 0.021875 0.0484375
1 0.61875 0.24140625 0.02265625 0.0453125
1 0.571875 0.28671875 0.0296875 0.04609375
1 0.61484375 0.35859375 0.02421875 0.03671875
1 0.690625 0.371875 0.0296875 0.03984375
1 0.81796875 0.3859375 0.0390625 0.059375
1 0.734375 0.23359375 0.0328125 0.04921875
1 0.8078125 0.11171875 0.03828125 0.04296875
1 0.79453125 0.5234375 0.028125 0.05859375
1 0.65390625 0.2875 0.02421875 0.04375
0 0.1390625 0.41328125 0.27734375 0.35234375
0 0.103125 0.1109375 0.20546875 0.2171875
0 0.58828125 0.04140625 0.146875 0.0828125