0 0.78828125 0.73359375 0.12109375 0.23671875
0 0.83046875 0.58828125 0.1875 0.14765625
0 0.6828125 0.50078125 0.05 0.053125
0 0.6140625 0.58046875 0.06484375 0.05703125
0 0.58515625 0.6828125 0.06953125 0.09609375
0 0.421875 0.64453125 0.0953125 0.1
0 0.31484375 0.59296875 0.04921875 0.04921875
0 0.25390625 0.521875 0.10703125 0.0671875
0 0.42265625 0.49140625 0.05859375 0.07265625
0 0.6859375 0.41015625 0.03984375 0.046875
0 0.83515625 0.46015625 0.05078125 0.0703125
2 0.5828125 0.85234375 0.0390625 0.0546875
2 0.4828125 0.7859375 0.03984375 0.04296875
2 0.3953125 0.72890625 0.03359375 0.04296875
2 0.35546875 0.6765625 0.0234375 0.04375
2 0.31796875 0.646875 0.02734375 0.03984375
2 0.24140625 0.57578125 0.01875 0.0203125
2 0.265625 0.5953125 0.021875 0.02265625
2 0.29453125 0.6203125 0.01328125 0.021875