2 0.2578125 0.3546875 0.05859375 0.11328125
2 0.28203125 0.89140625 0.0890625 0.2171875
2 0.72734375 0.6359375 0.05859375 0.0953125
2 0.315625 0.0265625 0.0640625 0.053125
2 0.31875 0.11796875 0.02734375 0.03984375
2 0.22265625 0.07578125 0.07890625 0.0890625
0 0.4953125 0.3015625 0.25625 0.4578125
0 0.67890625 0.3421875 0.14140625 0.20859375
0 0.83828125 0.3640625 0.13984375 0.19921875
0 0.9359375 0.24921875 0.128125 0.4984375
0 0.825 0.93359375 0.13984375 0.1328125
0 0.2671875 0.5734375 0.12890625 0.16171875