0 0.546875 0.87421875 0.265625 0.2515625
0 0.15234375 0.91640625 0.19921875 0.1671875
0 0.9359375 0.64140625 0.128125 0.2046875
0 0.659375 0.58828125 0.0828125 0.08515625
0 0.74609375 0.55234375 0.07421875 0.0953125
0 0.540625 0.4671875 0.06328125 0.0734375
0 0.39453125 0.25625 0.11171875 0.1578125
0 0.30234375 0.31328125 0.0546875 0.078125
0 0.24453125 0.23359375 0.08984375 0.134375
0 0.165625 0.41015625 0.12109375 0.084375
0 0.109375 0.49609375 0.07421875 0.0890625
0 0.771875 0.3296875 0.12890625 0.1625
0 0.56015625 0.22734375 0.053125 0.06796875
0 0.49375 0.2234375 0.06953125 0.10546875
2 0.64453125 0.67578125 0.046875 0.06171875
2 0.33203125 0.4296875 0.046875 0.03671875
2 0.7921875 0.86953125 0.059375 0.07734375
2 0.9203125 0.9796875 0.03828125 0.040625
1 0.3640625 0.6390625 0.00859375 0.02421875
1 0.39296875 0.61171875 0.00859375 0.02109375
1 0.41875 0.5890625 0.0109375 0.02265625
1 0.44375 0.56328125 0.01015625 0.0234375
1 0.465625 0.58515625 0.01015625 0.02109375
1 0.48828125 0.60859375 0.009375 0.0203125
1 0.515625 0.634375 0.00703125 0.02421875
1 0.54453125 0.66171875 0.00859375 0.02578125