0 0.34296875 0.43984375 0.08671875 0.12578125
0 0.1859375 0.49375 0.1625 0.19609375
0 0.2984375 0.19921875 0.096875 0.14765625
0 0.5765625 0.05234375 0.21484375 0.1046875
0 0.20390625 0.275 0.13515625 0.2109375
0 0.0640625 0.453125 0.128125 0.23125
2 0.7984375 0.51171875 0.109375 0.09921875
1 0.77734375 0.41953125 0.028125 0.053125
1 0.83125 0.28359375 0.03046875 0.04609375
1 0.98671875 0.15859375 0.01796875 0.04296875
1 0.709375 0.17109375 0.0296875 0.04140625
1 0.7625 0.1015625 0.02734375 0.0453125