2 0.57265625 0.60390625 0.0359375 0.05859375
0 0.403125 0.7515625 0.07421875 0.20625
0 0.36484375 0.87734375 0.09296875 0.23515625
0 0.721875 0.75859375 0.10703125 0.14765625
0 0.709375 0.678125 0.08203125 0.10703125
0 0.734375 0.89140625 0.121875 0.2046875
2 0.85625 0.83828125 0.0484375 0.084375
2 0.234375 0.921875 0.040625 0.0453125
2 0.303125 0.8203125 0.028125 0.040625
2 0.2671875 0.7703125 0.05078125 0.0421875
2 0.15390625 0.903125 0.0328125 0.0484375
0 0.315625 0.653125 0.12109375 0.15078125
2 0.33984375 0.559375 0.028125 0.0375
2 0.93046875 0.71796875 0.06484375 0.0265625
0 0.7109375 0.5015625 0.09296875 0.153125
0 0.83203125 0.54765625 0.1265625 0.06953125
0 0.88515625 0.61640625 0.15625 0.13828125
0 0.72578125 0.6421875 0.13515625 0.08515625
0 0.09375 0.77734375 0.1375 0.090625
0 0.20078125 0.734375 0.1078125 0.134375