0 0.72890625 0.68046875 0.1015625 0.134375
0 0.7921875 0.765625 0.16953125 0.23046875
0 0.91484375 0.84375 0.16875 0.19765625
0 0.60234375 0.64609375 0.15390625 0.20859375
0 0.5296875 0.5859375 0.13984375 0.20859375
0 0.4609375 0.54765625 0.13125 0.17109375
0 0.3984375 0.50390625 0.12890625 0.19453125
0 0.340625 0.46484375 0.1265625 0.1609375
0 0.25078125 0.35234375 0.36640625 0.259375
0 0.1484375 0.27578125 0.29609375 0.2578125
1 0.440625 0.60234375 0.01171875 0.0328125
1 0.5421875 0.5375 0.01015625 0.025
1 0.6015625 0.58125 0.009375 0.03671875