0 0.2390625 0.7828125 0.1109375 0.1421875
0 0.3046875 0.915625 0.28203125 0.16796875
0 0.37578125 0.81875 0.121875 0.1375
0 0.63203125 0.58828125 0.15 0.17265625
0 0.81015625 0.61484375 0.24453125 0.30390625
0 0.9234375 0.51015625 0.153125 0.24921875
0 0.09140625 0.88125 0.1828125 0.2375
0 0.55546875 0.1828125 0.30234375 0.22890625
0 0.79140625 0.134375 0.21875 0.21953125
0 0.33125 0.103125 0.15625 0.20625
0 0.25546875 0.0453125 0.1359375 0.090625
0 0.17890625 0.2015625 0.0828125 0.0671875
0 0.1390625 0.1046875 0.1046875 0.10078125
0 0.02734375 0.47734375 0.0546875 0.1265625
2 0.04296875 0.1359375 0.07890625 0.07734375
2 0.02265625 0.3703125 0.04453125 0.06796875
1 0.43125 0.55546875 0.0140625 0.040625
1 0.4703125 0.60078125 0.01484375 0.0359375
1 0.35546875 0.46640625 0.015625 0.03671875
1 0.39375 0.50859375 0.01640625 0.03515625
1 0.4078125 0.4421875 0.0171875 0.04296875
1 0.4578125 0.421875 0.01796875 0.0453125
1 0.459375 0.328125 0.01328125 0.03125
1 0.50703125 0.31328125 0.0140625 0.0390625
1 0.375 0.77109375 0.01640625 0.03046875