2 0.58125 0.8359375 0.06953125 0.1390625
2 0.5671875 0.50546875 0.046875 0.06796875
2 0.54609375 0.4375 0.0328125 0.05703125
2 0.53515625 0.3875 0.02421875 0.0359375
0 0.721875 0.57578125 0.2296875 0.1984375
0 0.40859375 0.61015625 0.20078125 0.20859375
0 0.87265625 0.8625 0.2546875 0.27421875
0 0.8359375 0.25546875 0.14140625 0.1296875
0 0.75859375 0.35546875 0.06875 0.08125
0 0.71328125 0.4125 0.09453125 0.06484375
0 0.8125 0.3875 0.084375 0.05546875
0 0.60078125 0.415625 0.09140625 0.1171875
0 0.6359375 0.37421875 0.053125 0.06796875
0 0.70859375 0.3359375 0.07421875 0.06796875
0 0.9203125 0.41796875 0.15859375 0.115625
0 0.93984375 0.3375 0.1203125 0.084375
0 0.92578125 0.21875 0.07734375 0.0796875
0 0.9609375 0.27734375 0.0734375 0.08046875