0 0.24921875 0.67578125 0.14921875 0.2
0 0.2328125 0.3078125 0.1 0.125
0 0.16875 0.25078125 0.04296875 0.0796875
0 0.121875 0.28984375 0.05703125 0.08671875
2 0.11484375 0.36953125 0.03203125 0.04921875
0 0.1171875 0.359375 0.040625 0.06953125
0 0.3921875 0.66328125 0.0796875 0.1234375
0 0.4625 0.67890625 0.071875 0.10234375
0 0.3296875 0.7140625 0.046875 0.08828125
0 0.38671875 0.74765625 0.05703125 0.08046875
0 0.5765625 0.6921875 0.06015625 0.1078125
0 0.515625 0.67890625 0.04375 0.10859375
0 0.575 0.7984375 0.078125 0.07578125
0 0.61953125 0.85 0.04375 0.059375
0 0.66015625 0.85 0.040625 0.06171875
0 0.675 0.85078125 0.0453125 0.06015625
0 0.6609375 0.9609375 0.075 0.078125
0 0.84140625 0.68203125 0.05859375 0.125
0 0.87890625 0.57109375 0.04296875 0.06171875
0 0.88984375 0.66171875 0.0421875 0.0859375
0 0.8890625 0.7609375 0.05390625 0.13515625
0 0.9046875 0.728125 0.03828125 0.07421875
0 0.83828125 0.93125 0.05 0.115625
0 0.903125 0.95546875 0.06015625 0.08828125
0 0.8984375 0.89921875 0.05078125 0.0890625
2 0.58125 0.60390625 0.025 0.04921875
2 0.6046875 0.6 0.0265625 0.0328125
2 0.328125 0.80078125 0.0421875 0.053125
2 0.2484375 0.88203125 0.0453125 0.04921875
2 0.17890625 0.54140625 0.03671875 0.05859375
2 0.540625 0.70234375 0.0265625 0.07734375