0 0.28671875 0.45625 0.20546875 0.11640625
0 0.6296875 0.65078125 0.13984375 0.10546875
0 0.534375 0.56953125 0.0984375 0.159375
0 0.58203125 0.5109375 0.121875 0.075
0 0.63203125 0.53984375 0.065625 0.08203125
0 0.5390625 0.47734375 0.1234375 0.0828125
0 0.4515625 0.52890625 0.11171875 0.0953125
0 0.39140625 0.521875 0.075 0.09453125
0 0.32109375 0.5703125 0.1546875 0.06484375
0 0.35859375 0.7 0.09921875 0.13828125
0 0.3828125 0.63203125 0.09140625 0.075
0 0.28203125 0.63203125 0.10078125 0.11796875
0 0.434375 0.7375 0.12890625 0.10703125