2 0.659375 0.69453125 0.03359375 0.040625
2 0.78125 0.596875 0.0265625 0.04609375
2 0.784375 0.4859375 0.03671875 0.04765625
2 0.40234375 0.640625 0.03359375 0.0515625
2 0.3421875 0.6203125 0.02578125 0.034375
2 0.228125 0.61328125 0.0234375 0.046875
2 0.26328125 0.6109375 0.025 0.0515625
2 0.2796875 0.571875 0.0171875 0.0328125
2 0.2375 0.49453125 0.03359375 0.03671875
2 0.05703125 0.5140625 0.015625 0.03515625
2 0.078125 0.43515625 0.01640625 0.0421875
2 0.20390625 0.325 0.0203125 0.0390625
2 0.2875 0.28984375 0.0234375 0.0328125
2 0.66015625 0.13515625 0.01953125 0.04296875
2 0.57109375 0.1171875 0.01875 0.0296875
2 0.60078125 0.08515625 0.01484375 0.02734375
2 0.621875 0.07421875 0.015625 0.0296875
2 0.5125 0.1328125 0.02109375 0.03125