1 0.5109375 0.53359375 0.009375 0.03203125
1 0.52265625 0.56015625 0.00703125 0.03203125
1 0.5328125 0.58046875 0.00390625 0.02890625
1 0.54140625 0.58828125 0.0046875 0.03671875
1 0.53125 0.55703125 0.00703125 0.021875
1 0.5390625 0.553125 0.00546875 0.021875
1 0.54765625 0.55625 0.0078125 0.02890625
1 0.5578125 0.56796875 0.0078125 0.03203125
1 0.565625 0.57265625 0.0046875 0.021875
1 0.57265625 0.57109375 0.00625 0.0296875
1 0.51953125 0.525 0.00703125 0.02265625
1 0.5265625 0.53984375 0.0046875 0.0265625
1 0.52578125 0.51328125 0.00546875 0.02578125
1 0.53359375 0.53046875 0.00703125 0.02890625
1 0.365625 0.34375 0.009375 0.03125
1 0.3703125 0.32578125 0.00546875 0.03046875
1 0.371875 0.31015625 0.00703125 0.03125
1 0.22890625 0.06953125 0.0046875 0.02421875
1 0.23046875 0.05078125 0.00546875 0.02578125
1 0.2375 0.06484375 0.00546875 0.02421875
1 0.2421875 0.0578125 0.00546875 0.021875
1 0.2390625 0.04765625 0.0046875 0.02578125
1 0.33671875 0.32734375 0.00703125 0.03671875
1 0.35078125 0.296875 0.00859375 0.03515625